# start     end     duration
1185582175 1185583816 1641
1185583939 1185588035 4096
1185588035 1185592131 4096
1185592131 1185596227 4096
1185596227 1185600323 4096
1185600323 1185604419 4096
1185604419 1185608515 4096
1185608515 1185609176 661
1185615253 1185619349 4096
1185619349 1185623445 4096
1185623445 1185627541 4096
1185627541 1185631465 3924
1185657012 1185657618 606
1185658405 1185661973 3568
1185663125 1185667221 4096
1185667221 1185667694 473
1185667824 1185671920 4096
1185671920 1185676016 4096
1185676016 1185680112 4096
1185680112 1185684208 4096
1185684208 1185686036 1828
1185688132 1185692228 4096
1185692228 1185692843 615
1185694830 1185698926 4096
1185698926 1185703022 4096
1185703022 1185703716 694
1185706559 1185710655 4096
1185710655 1185714094 3439
1185717213 1185721309 4096
1185721309 1185725405 4096
1185725405 1185725681 276
1185752703 1185756799 4096
1185756799 1185760895 4096
1185760895 1185764510 3615
1185766527 1185770623 4096
1185770623 1185774719 4096
1185774719 1185778815 4096
1185778815 1185782911 4096
1185782911 1185787007 4096
1185787007 1185791103 4096
1185791103 1185795199 4096
1185795199 1185799295 4096
1185799295 1185803391 4096
1185803391 1185807487 4096
1185807487 1185811583 4096
1185811583 1185813600 2017
1185834803 1185838899 4096
1185838899 1185841805 2906
1185844430 1185848526 4096
1185848526 1185852416 3890
1185859289 1185863385 4096
1185863385 1185867481 4096
1185867481 1185871577 4096
1185871577 1185875673 4096
1185875673 1185877299 1626
1185884855 1185888951 4096
1185888951 1185893047 4096
1185893047 1185897143 4096
1185897143 1185898649 1506
1185908557 1185909698 1141
1185911226 1185912267 1041
1185917123 1185917208 85
1185919458 1185919620 162
1185919760 1185923856 4096
1185923856 1185924698 842
1185927650 1185927743 93
1185928394 1185932490 4096
1185932490 1185935429 2939
1185938678 1185942774 4096
1185942774 1185946870 4096
1185946870 1185950966 4096
1185950966 1185955062 4096
1185955062 1185959158 4096
1185959158 1185961201 2043
1185963700 1185967796 4096
1185967796 1185971892 4096
1185971892 1185975988 4096
1185975988 1185980084 4096
1185980084 1185984180 4096
1185984180 1185988276 4096
1185988276 1185992372 4096
1185992372 1185996468 4096
1185996468 1185999076 2608
1186004105 1186008201 4096
1186008201 1186012297 4096
1186012297 1186016393 4096
1186016393 1186020489 4096
1186020489 1186024585 4096
1186024585 1186028681 4096
1186028681 1186032777 4096
1186032777 1186036873 4096
1186036873 1186037161 288
1186037177 1186041273 4096
1186041273 1186045369 4096
1186045369 1186049465 4096
1186049465 1186053561 4096
1186053561 1186054458 897
1186058184 1186061164 2980
1186062778 1186066874 4096
1186066874 1186070970 4096
1186070970 1186075066 4096
1186075066 1186079162 4096
1186079162 1186081491 2329
1186091991 1186095021 3030
1186097762 1186097841 79
1186099167 1186103263 4096
1186103263 1186107359 4096
1186107359 1186107558 199
1186108971 1186113067 4096
1186113067 1186117163 4096
1186117163 1186119406 2243
1186124539 1186128635 4096
1186128635 1186132731 4096
1186132731 1186136827 4096
1186136827 1186140923 4096
1186140923 1186145019 4096
1186145019 1186149115 4096
1186149115 1186153211 4096
1186153211 1186157307 4096
1186157307 1186161403 4096
1186161403 1186165499 4096
1186165499 1186169595 4096
1186169595 1186173691 4096
1186173691 1186177787 4096
1186177787 1186181883 4096
1186181883 1186181960 77
1186192126 1186192196 70
1186192238 1186196334 4096
1186196334 1186200430 4096
1186200430 1186201220 790
1186203173 1186207269 4096
1186207269 1186211365 4096
1186211365 1186215461 4096
1186215461 1186219557 4096
1186219557 1186223653 4096
1186223653 1186227749 4096
1186227749 1186231845 4096
1186231845 1186235395 3550
1186295197 1186295229 32
1186295253 1186299349 4096
1186303445 1186304056 611
1186307186 1186311282 4096
1186311282 1186315378 4096
1186315378 1186319474 4096
1186319474 1186323570 4096
1186323570 1186327666 4096
1186327666 1186329783 2117
1186352757 1186356853 4096
1186356853 1186360949 4096
1186360949 1186365045 4096
1186365045 1186369141 4096
1186369141 1186373237 4096
1186373237 1186377333 4096
1186377333 1186381429 4096
1186381429 1186385525 4096
1186385525 1186389621 4096
1186389621 1186393717 4096
1186393717 1186397813 4096
1186397813 1186401909 4096
1186401909 1186406005 4096
1186406005 1186410101 4096
1186410101 1186414197 4096
1186414197 1186418293 4096
1186418293 1186418824 531
1186447247 1186451343 4096
1186451343 1186455439 4096
1186455439 1186459535 4096
1186459535 1186460392 857
1186461993 1186466089 4096
1186466089 1186470185 4096
1186470185 1186474281 4096
1186474281 1186478377 4096
1186478377 1186482473 4096
1186482473 1186486569 4096
1186486569 1186490404 3835
1186492564 1186496660 4096
1186496660 1186499610 2950
1186525342 1186528323 2981
1186531497 1186535593 4096
1186535593 1186539689 4096
1186539689 1186543785 4096
1186543785 1186546595 2810
1186549117 1186553213 4096
1186553213 1186557309 4096
1186557309 1186561209 3900
1186567274 1186571370 4096
1186571370 1186575466 4096
1186575466 1186579562 4096
1186579562 1186583658 4096
1186583658 1186587754 4096
1186587754 1186591850 4096
1186591850 1186595946 4096
1186595946 1186600042 4096
1186600042 1186604138 4096
1186604138 1186608234 4096
1186608234 1186609762 1528
1186642718 1186646814 4096
1186646814 1186650910 4096
1186650910 1186655006 4096
1186655006 1186659102 4096
1186659102 1186663198 4096
1186663198 1186664343 1145
1186670535 1186674631 4096
1186674631 1186676275 1644
1186678228 1186679836 1608
1186683520 1186687616 4096
1186687616 1186691712 4096
1186691712 1186694319 2607
1186696763 1186700859 4096
1186700859 1186704955 4096
1186704955 1186707551 2596
1186711196 1186715292 4096
1186715292 1186719388 4096
1186719388 1186719875 487
1186723943 1186728039 4096
1186728039 1186732135 4096
1186732135 1186733722 1587
1186735200 1186739296 4096
1186743392 1186747488 4096
1186747488 1186751584 4096
1186751584 1186755680 4096
1186755680 1186759776 4096
1186759776 1186763872 4096
1186763872 1186767947 4075
1186772033 1186776129 4096
1186776129 1186780225 4096
1186780225 1186784321 4096
1186784321 1186788417 4096
1186788417 1186792513 4096
1186792513 1186796609 4096
1186796609 1186800705 4096
1186800705 1186804801 4096
1186804801 1186808897 4096
1186808897 1186812993 4096
1186812993 1186817089 4096
1186817089 1186818068 979
1186823203 1186827299 4096
1186827299 1186831395 4096
1186831395 1186835491 4096
1186835491 1186839587 4096
1186839587 1186840847 1260
1186876228 1186876541 313
1186878951 1186883047 4096
1186883047 1186887143 4096
1186887143 1186891239 4096
1186891239 1186893398 2159
1186896637 1186900733 4096
1186900733 1186904829 4096
1186904829 1186908925 4096
1186908925 1186913021 4096
1186913021 1186917117 4096
1186917117 1186921213 4096
1186921213 1186925309 4096
1186925309 1186929405 4096
1186929405 1186933501 4096
1186933501 1186937597 4096
1186937597 1186939867 2270
1186953082 1186957178 4096
1186957178 1186961274 4096
1186961274 1186965370 4096
1186965370 1186969466 4096
1186969466 1186973562 4096
1186973562 1186977658 4096
1186977658 1186981754 4096
1186981754 1186985850 4096
1186985850 1186989946 4096
1186989946 1186994042 4096
1186994042 1186998138 4096
1186998138 1187001383 3245
1187004229 1187008325 4096
1187012421 1187016517 4096
1187016517 1187018570 2053
1187020362 1187020428 66
1187020514 1187020665 151
1187021292 1187021342 50
1187021434 1187021509 75
1187021617 1187021749 132
1187023759 1187027855 4096
1187027855 1187031951 4096
1187031951 1187036047 4096
1187036047 1187039543 3496
1187041639 1187045735 4096
1187045735 1187048799 3064
1187050446 1187052165 1719
1187053501 1187057597 4096
1187061693 1187061744 51
1187083263 1187087359 4096
1187087359 1187091455 4096
1187091455 1187095551 4096
1187095551 1187099647 4096
1187099647 1187103743 4096
1187103743 1187107839 4096
1187107839 1187111935 4096
1187111935 1187116031 4096
1187116031 1187120127 4096
1187120127 1187124168 4041
1187127296 1187131392 4096
1187131392 1187135488 4096
1187135488 1187139584 4096
1187139584 1187141919 2335
1187143810 1187144700 890
1187150318 1187154414 4096
1187154414 1187158510 4096
1187158510 1187162606 4096
1187162606 1187166702 4096
1187166702 1187170798 4096
1187170798 1187174894 4096
1187174894 1187178990 4096
1187178990 1187183086 4096
1187183086 1187187182 4096
1187187182 1187191278 4096
1187191278 1187195374 4096
1187195374 1187199470 4096
1187199470 1187203566 4096
1187203566 1187207662 4096
1187207662 1187211758 4096
1187211758 1187215854 4096
1187215854 1187219950 4096
1187219950 1187224046 4096
1187224046 1187225085 1039
1187227032 1187231128 4096
1187231128 1187232088 960
1187242738 1187243530 792
1187247638 1187251734 4096
1187251734 1187255830 4096
1187255830 1187259926 4096
1187259926 1187264022 4096
1187264022 1187268118 4096
1187268118 1187272214 4096
1187272214 1187276310 4096
1187276310 1187276790 480
1187278803 1187282899 4096
1187282899 1187286995 4096
1187286995 1187291091 4096
1187291091 1187295187 4096
1187295187 1187299283 4096
1187299283 1187300384 1101
1187304896 1187307748 2852
1187310864 1187312021 1157
1187313588 1187317684 4096
1187317684 1187321780 4096
1187321780 1187325876 4096
1187325876 1187329972 4096
1187329972 1187334068 4096
1187334068 1187338164 4096
1187338164 1187342260 4096
1187342260 1187346356 4096
1187346356 1187350452 4096
1187350452 1187353744 3292
1187356678 1187360177 3499
1187366006 1187370102 4096
1187370102 1187374198 4096
1187374198 1187378294 4096
1187378294 1187382390 4096
1187382390 1187386486 4096
1187386486 1187390582 4096
1187390582 1187394678 4096
1187394678 1187398774 4096
1187398774 1187402870 4096
1187402870 1187406966 4096
1187406966 1187411062 4096
1187411062 1187415158 4096
1187415158 1187419254 4096
1187419254 1187423350 4096
1187423350 1187427446 4096
1187427446 1187431542 4096
1187431542 1187435638 4096
1187435638 1187439734 4096
1187439734 1187440027 293
1187441993 1187443322 1329
1187483745 1187487841 4096
1187487841 1187491937 4096
1187491937 1187494760 2823
1187499243 1187503339 4096
1187503339 1187507435 4096
1187507435 1187511531 4096
1187511531 1187515627 4096
1187515627 1187517064 1437
1187523988 1187528084 4096
1187532180 1187536276 4096
1187536276 1187540372 4096
1187540372 1187544468 4096
1187544468 1187548564 4096
1187548564 1187552660 4096
1187552660 1187556756 4096
1187556756 1187560852 4096
1187560852 1187564948 4096
1187564948 1187569044 4096
1187569044 1187573140 4096
1187573140 1187577236 4096
1187577236 1187581332 4096
1187581332 1187585428 4096
1187585428 1187589524 4096
1187589524 1187593620 4096
1187593620 1187597716 4096
1187597716 1187600981 3265
1187605445 1187605470 25
1187605757 1187605809 52
1187606122 1187606810 688
1187609751 1187613847 4096
1187613847 1187617290 3443
1187618770 1187619133 363
1187619153 1187623249 4096
1187623249 1187627225 3976
1187634942 1187639038 4096
1187639038 1187643134 4096
1187643134 1187647230 4096
1187647230 1187651326 4096
1187651326 1187651494 168
1187652923 1187656722 3799
1187681295 1187681350 55
1187681364 1187685460 4096
1187685460 1187689556 4096
1187689556 1187693288 3732
1187695571 1187699667 4096
1187699667 1187703763 4096
1187703763 1187707859 4096
1187707859 1187711955 4096
1187711955 1187716051 4096
1187716051 1187720147 4096
1187720147 1187724243 4096
1187724243 1187728339 4096
1187728339 1187732435 4096
1187732435 1187733654 1219
1187733684 1187736164 2480
